72,14.997100830078125
72,13.990631103515625
72,13
72,12.009368896484375
72.00391006469727,10.996105194091797
72.91217041015625,10.67401123046875
73.83448791503906,11.034713745117188
74.61891174316406,11.637985229492188
75.30382037162781,12.374516248703003
75.92118334770203,13.156735181808472
76.52753734588623,13.956805229187012
77.11858654022217,14.77307415008545
77.6832389831543,15.593914031982422
78.22455286979675,16.427862882614136
78.74334239959717,17.28259563446045
79.22800731658936,18.146288871765137
79.68656921386719,19.044113159179688
80.10061931610107,19.954264640808105
80.46872997283936,20.890917778015137
80.77410411834717,21.83288860321045
81.01500225067139,22.808955192565918
81.171875,23.796875
81.23066329956055,24.791240692138672
81.17663860321045,25.78638744354248
80.99440288543701,26.776392936706543
80.67840576171875,27.72967529296875
80.2373046875,28.6201171875
79.77488613128662,29.49464511871338
79.36120510101318,30.400513648986816
78.94415950775146,31.309746742248535
78.52374935150146,32.222344398498535
78.09997463226318,33.138306617736816
77.68304443359375,34.03570556640625
77.2577645778656,34.9473135471344
76.83438277244568,35.85116410255432
76.407794713974,36.758220911026
75.98326110839844,37.65736389160156
75.55029964447021,38.570794105529785
75.1248083114624,39.4650354385376
74.69626522064209,40.36232852935791
74.25925612449646,41.27394700050354
73.83002376556396,42.166069984436035
73.39232540130615,43.07251834869385
72.95157527923584,43.98201847076416
72.51890563964844,44.87171936035156
72.08333492279053,45.76432132720947
71.6392228603363,46.671324014663696
71.19781279563904,47.56976532936096
70.75921630859375,48.45953369140625
70.31204128265381,49.36373996734619
69.86775374412537,50.259199380874634
69.42063903808594,51.15748596191406
69.04590630531311,51.98828172683716
70.01357364654541,51.74241828918457
70.98818039894104,51.49697542190552
71.95800067484379,51.25486758351326
72.93459612131119,51.01317036151886
73.90607857704163,50.77478837966919
74.87220610678196,50.539706975221634
75.84478622674942,50.30501663684845
76.8116927742958,50.07360756397247
77.78489357233047,49.84257996082306
78.76438862085342,49.61193382740021
79.73781670629978,49.38454511761665
80.71738266944885,49.15752840042114
81.69057089090347,48.93375027179718
82.66974258422852,48.71033477783203
83.62956261634827,48.49299669265747
84.6205478310585,48.270297169685364
85.5918784737587,48.053656697273254
86.56888967752457,47.83736050128937
87.55158144235611,47.621408581733704
88.51387119293213,47.41147041320801
89.49466003477573,47.19902828335762
90.48098093271255,46.986921429634094
91.45957279205322,46.777971267700195
92.43021728098392,46.57216456532478
93.40610271692276,46.36667549610138
94.38722909986973,46.16150406002998
95.37359642982483,45.956650257110596
96.35158562660217,45.75491380691528
97.33467316627502,45.553486347198486
98.30909933149815,45.35515907406807
99.28848320245743,45.157132267951965
100.25892639160156,44.962188720703125
101.24815584719181,44.76475861668587
102.22830595076084,44.57040336728096
103.19917017221451,44.379110455513
104.188889503479,44.18533515930176
105.16918624937534,43.99461391568184
106.15416532754898,43.804176449775696
107.12945038080215,43.61677658557892
108.10928303003311,43.42965233325958
109.09366327524185,43.24280369281769
110.08259111642838,43.056230664253235
111.06142367422581,42.87267091870308
112.04467105865479,42.68937873840332
113.03233326971531,42.50635412335396
114.02441030740738,42.32359707355499
115.00599670410156,42.143829345703125
115.99186712503433,41.9643212556839
116.96698726713657,41.78778675198555
117.94626259803772,41.61150407791138
118.94485527276993,41.432767033576965
119.91727882623672,41.25969421863556
120.90901972353458,41.084167033433914
121.88956286013126,40.911586314439774
122.87413431704044,40.73924973607063
123.86273409426212,40.56715729832649
124.83982139825821,40.39799225330353
125.8364148736,40.22638428211212
126.82137097418308,40.057696133852005
127.81023049354553,39.889244556427
128.78720480203629,39.723697781562805
129.76795959472656,39.558380126953125
130.75249487161636,39.39329159259796
131.7408106327057,39.228432178497314
132.73290687799454,39.063801884651184
133.7287836074829,38.89940071105957
134.71228732168674,38.737874776124954
135.69945055246353,38.57657063007355
136.67400079965591,38.41812717914581
137.66842307150364,38.25726297497749
138.65011335909367,38.09925225377083
139.65179467201233,37.938827991485596
140.6241154819727,37.78387454152107
141.6164273172617,37.62650755047798
142.61227966845036,37.46935513615608
143.59498697519302,37.31503117084503
144.58111776411533,37.160914689302444
145.57067203521729,37.00700569152832
146.56364978849888,36.85330417752266
147.54313434660435,36.7024100124836
148.54290103912354,36.54911994934082
149.52905946969986,36.398630261421204
150.5185263156891,36.24834108352661
151.49415673315525,36.10083845257759
152.49018336832523,35.95094683766365
153.4722604751587,35.80383491516113
154.47484689950943,35.654340863227844
155.46337069571018,35.50761964917183
156.45508980751038,35.36109209060669
157.43252205848694,35.217323780059814
158.4305757433176,35.07118013501167
159.41423143446445,34.92778900265694
160.40097130835056,34.784584790468216
161.39079536497593,34.64156749844551
162.38370360434055,34.49873712658882
163.37969602644444,34.35609367489815
164.3609049320221,34.21617937088013
165.36301064491272,34.07390642166138
166.35022367537022,33.93435600399971
167.34041172266006,33.79498589038849
168.31549072265625,33.6583251953125
169.31157471239567,33.51931241154671
170.31063371896744,33.38047993183136
171.29442238807678,33.2443470954895
172.28107887506485,33.10838806629181
173.27060317993164,32.97260284423828
174.26299530267715,32.83699142932892
175.2582552433014,32.70155382156372
176.25638300180435,32.56629002094269
177.23881556093693,32.4337001144886
178.22401070594788,32.30127763748169
179.23063570261002,32.166528820991516
180.22140814363956,32.034444361925125
181.21494317054749,31.902527332305908
182.1924171447754,31.77326202392578
183.1914252191782,31.64167669415474
184.17426897585392,31.512736827135086
185.17875009775162,31.38148319721222
186.16696363687515,31.25286877155304
187.15783649683,31.124415516853333
188.15136867761612,30.996123433113098
189.14756017923355,30.867992520332336
190.12717725336552,30.742482215166092
191.12863625586033,30.614670544862747
192.11341953277588,30.489473342895508
193.10076083242893,30.36443117260933
194.0906601548195,30.23954403400421
195.08311749994755,30.114811927080154
195.9809455871582,29.92206573486328
195.81880569458008,28.92908477783203
195.8299102783203,27.935089111328125
196.05488586425778,26.956329345703125
196.5001983642578,26.065704345703125
197.1253204345703,25.303253173828125
197.8972930908203,24.655792236328125
198.7548828125,24.126953125
199.53778076171875,23.5286865234375
200.38492965698242,23.008140563964844
201.3229217529297,22.669281005859375
202.31769943237305,22.514305114746094
203.3059196472168,22.521995544433594
204.30731201171875,22.6614990234375
205.26971435546875,22.8988037109375
206.2198600769043,23.217063903808594
207.14847946166992,23.597740173339844
208.03907775878906,24.03124237060547
208.82704162597656,24.65288543701172
209.62721252441406,25.26842498779297
210.41913223266602,25.862699508666992
211.22265625,26.451171875
212.03778457641602,27.033842086791992
212.86451721191406,27.61071014404297
213.68121337890625,28.167205810546875
214.51989078521729,28.725406169891357
215.35876560211182,29.270812511444092
216.19740295410156,29.80364227294922
217.05816650390625,30.338104248046875
217.90686416625974,30.853208541870117
218.76600646972653,31.36309051513672
219.6355934143066,31.86775016784668
220.5036630630493,32.36047315597534
221.38189697265622,32.848114013671875
222.258056640625,33.3240966796875
223.14410400390622,33.795135498046875
224.02752780914304,34.25479078292847
224.92056655883786,34.709638595581055
225.81044006347656,35.15337371826172
226.70965957641602,35.59243583679199
227.61822509765625,36.026824951171875
228.50978088378906,36.44432830810547
229.42346286773682,36.86346387863159
230.3462257385254,37.278059005737305
231.25093173980713,37.676291942596436
232.155517578125,38.09375
233.00300979614258,38.62109375
233.83868408203125,39.171875
234.65608596801758,39.74609375
235.46342849731445,40.35546875
236.2363166809082,40.98828125
236.979736328125,41.65625
237.68194580078125,42.359375
238.34014892578125,43.109375
238.936767578125,43.90625
239.28839111328125,44.84375
239.28448486328125,45.84375
238.94024658203125,46.78125
238.37530517578125,47.59375
237.98192405700684,48.453752517700195
237.771484375,49.423828125
237.19662475585938,50.237091064453125
236.29793548583984,50.64154815673828
235.29976654052734,50.68512725830078
234.32468223571777,50.52682685852051
233.35111045837402,50.24722480773926
232.42903900146484,49.90399932861328
231.5,49.5
230.6080551147461,49.06848907470703
229.7162094116211,48.60193634033203
228.8490538597107,48.11992692947388
227.9860701560974,47.61636400222778
227.13350677490234,47.09845733642578
226.28023672103882,46.56215715408325
225.44770193099976,46.023415088653564
224.60483360290527,45.46396064758301
223.77216863632202,44.898701190948486
222.9530544281006,44.331499099731445
222.14077603816986,43.75900089740753
221.32748413085938,43.176544189453125
220.52509450912476,42.593483448028564
219.71449601650238,41.99655640125275
218.90728521347046,41.3947491645813
218.11596059799194,40.79808855056763
217.31989228725433,40.19155991077423
216.53127813339233,39.584843158721924
215.7396559715271,38.970261096954346
214.9456580877304,38.34854328632355
214.1620650291443,37.73004198074341
213.37773275375366,37.10629320144653
212.60580444335938,36.488067626953125
211.8076171875,35.8779296875
210.9108123779297,35.43632507324219
209.9513397216797,35.12138366699219
208.98957443237305,34.91172409057617
207.9840202331543,34.77286911010742
206.99748229980466,34.69682312011719
205.9948225021362,34.66755962371826
205.00115966796872,34.67742919921875
203.9890594482422,34.72062683105469
203.00812911987305,34.78965377807617
202.01047897338867,34.8835563659668
201.01562023162842,34.99804973602295
200.017822265625,35.0296630859375
199.00659561157227,35.098196029663086
198.02545166015625,35.185394287109375
197.02330875396729,35.288392543792725
196.0322504043579,35.40031576156616
195.03944492340088,35.52014684677124
194.0478515625,35.64599609375
193.05559635162354,35.7770094871521
192.05657291412354,35.9132399559021
191.07553958892822,36.05063772201538
190.0857172012329,36.19243001937866
189.09159183502197,36.337655544281006
188.09748935699463,36.485387325286865
187.10757541656494,36.634732723236084
186.12585544586182,36.7848334312439
185.13478088378906,36.938194274902344
184.15824222564697,37.090951442718506
183.15466690063477,37.249502182006836
182.1704339981079,37.40641927719116
181.18525791168213,37.564794063568115
180.20082092285156,37.724266052246094
179.21876525878906,37.884483337402344
178.22802186012268,38.04719007015228
177.24231338500977,38.210073471069336
176.25,38.375
175.26527500152588,38.53955602645874
174.2896203994751,38.70342397689819
173.29666233062744,38.870999813079834
172.314697265625,39.0374755859375
171.3163766860962,39.20745611190796
170.33091831207275,39.37593603134155
169.35968399047852,39.54262351989746
168.37390995025635,39.71242666244507
167.37359619140625,39.885345458984375
166.38970947265625,40.055999755859375
165.40784287452698,40.22684895992279
164.42862725257874,40.39775788784027
163.43658089637756,40.57141625881195
162.44801330566406,40.744956970214844
161.4635353088379,40.91824913024902
161.211181640625,41.46875
161.82232666015625,42.265625
162.56402587890625,42.921875
163.38965225219727,43.49609375
164.25,44
165.14011001586914,44.45703125
166.05444717407227,44.87890625
166.97076416015625,45.265625
167.89966201782227,45.62890625
168.84488773345947,45.974609375
169.79732608795166,46.302734375
170.7483253479004,46.61328125
171.689697265625,46.90625
172.6196060180664,47.27858352661133
173.4791259765625,47.79083251953125
174.2461929321289,48.42830276489258
174.8954849243164,49.18800735473633
175.4029541015625,50.04180908203125
175.77587890625,50.983642578125
176.01025390625,51.94458007812499
176.13589477539062,52.94795227050781
176.166015625,53.9345703125
176.11962890625,54.936767578125
176.00962257385254,55.93175983428955
175.793212890625,56.91387939453125
175.61340713500977,57.88712787628174
175.4646339416504,58.87627124786377
175.34332275390625,59.86970520019531
175.2451410293579,60.86750912666321
175.16662979125977,61.87260150909424
175.10638809204102,62.8662691116333
175.06152725219727,63.85328388214111
175.029541015625,64.85382080078125
175.00953674316406,65.8649787902832
175.00074768066406,66.8559455871582
175.00176334381104,67.86461758613586
175.01175022125244,68.85996556282043
175.03021621704102,69.8687105178833
175.05585098266602,70.85827350616455
175.0887155532837,71.857173204422
175.12844944000244,72.86423802375793
175.17388248443604,73.86150479316711
175.2252540588379,74.86391162872314
175.28118991851807,75.85283207893372
175.34332275390625,76.86189270019531
175.4091501235962,77.85464024543762
175.4793939590454,78.84758114814758
175.5537452697754,79.83971118927002
175.63345432281494,80.84925389289856
175.71521377563477,81.83714008331299
175.80193424224854,82.84114956855774
175.891770362854,83.84112477302551
175.98443603515625,84.83613586425781
176.1640625,85.80685424804688
176.37109375,86.78661346435547
176.5859375,87.75802612304688
176.8125,88.732421875
177.0546875,89.71725463867188
177.3046875,90.67233276367188
177.578125,91.6453857421875
177.8671875,92.59274291992188
178.05786430835724,93.58050346374512
178.15546083450317,94.56822967529297
178.25165379047394,95.55274772644043
178.34968674182892,96.56783866882324
178.44302415847778,97.54582977294922
178.5381031036377,98.55416870117188
178.63013270497322,99.54235410690308
178.72223260998726,100.54388380050659
178.81283047795296,101.54198026657104
178.90192630887032,102.53664350509644
178.98952010273933,103.52787351608276
179.07703399658203,104.5321044921875
179.16159868240356,105.51641082763672
179.24603298306465,106.51360273361206
179.32891476154327,107.50724601745605
179.41156435012817,108.51354217529297
179.49261009693146,109.51617240905762
179.57078340649605,110.49905347824097
179.64989006519318,111.51043510437012
179.7261242866516,112.50206756591797
179.80075466632843,113.49003410339355
179.87494590878487,114.49018049240112
179.9474811553955,115.48654174804688
180.01947212219238,116.49484252929688
180.0886690914631,117.48357343673706
180.15726879239082,118.48412275314331
180.22415950894356,119.48076581954956
180.2893412411213,120.47350263595581
180.35379219055176,121.47775268554688
180.416480332613,122.47797346115112
180.477405667305,123.47416496276855
180.53656819462776,124.46632719039917
180.59483721852303,125.4696307182312
180.6512887775898,126.46878004074097
180.70592287182808,127.46377515792847
180.75952577590942,128.46959686279297
180.81049740314484,129.45622062683105
180.86111271381378,130.46839714050293
180.9090967476368,131.4613757133484
180.95520782470703,132.4500732421875
181.00009202957153,133.44915008544922
181.04366424679756,134.458411693573
181.08525002002716,135.46313285827637
181.12428963184357,136.44885063171387
181.16246223449707,137.45895385742188
181.19859039783478,138.4643840789795
181.23220160603523,139.4508776664734
181.2647134065628,140.46122550964355
181.29470825195312,141.45263671875
181.32304313778877,142.45343732833862
181.34927475452423,143.44943046569824
181.3737279176712,144.45454216003418
181.39601814746857,145.45471000671387
181.41614544391632,146.4499340057373
181.43434408307076,147.45393323898315
181.45031929016113,148.45285034179688
181.46424400806427,149.46026420593262
181.47574189305305,150.44894742965698
181.48523914813995,151.45942497253418
181.4923095703125,152.451171875
181.49714425206184,153.45099210739136
181.49963200092316,154.44544792175293
181.49975883960724,155.44769096374512
181.49747574329376,156.44442558288574
181.49270489811897,157.4486575126648
181.48546028137207,158.44723510742188
181.47559940814972,159.45301628112793
181.46320009231567,160.45299530029297
181.44826233386993,161.447172164917
181.4305455982685,162.4481806755066
181.41022491455078,163.4432373046875
181.38699340820312,164.44482421875
181.36109161376953,165.4403076171875
181.3317710161209,166.45434379577637
181.3000536262989,167.44971799850464
181.2655987739563,168.43883514404297
181.22745350003242,169.44588422775269
181.18643391132355,170.44636344909668
181.14199364185333,171.45220756530762
181.09460937976837,172.451322555542
181.04428112506866,173.4437084197998
180.99035695195198,174.44105863571167
180.93341827392578,175.4315185546875
180.8720181286335,176.438148021698
180.80745995044708,177.43755912780762
180.73894703388214,178.44111442565918
180.66720306873322,179.4372844696045
180.5922280550003,180.42606925964355
180.51220703125,181.4296875
180.42880642414093,182.42558097839355
180.3420262336731,183.41374969482422
180.24982452392578,184.4158935546875
180.15409135818481,185.40996551513672
180.0548267364502,186.39596557617188
179.94975674152374,187.39506340026855
179.84100008010864,188.38573455810547
179.7261242866516,189.38878631591797
179.60740327835083,190.38304901123047
179.4848370552063,191.36852264404297
179.35575115680695,192.3654613494873
179.22265815734863,193.35324096679688
179.08271837234497,194.35173797607422
178.93860626220703,195.3406982421875
178.79032182693481,196.32012176513672
178.63477337360382,197.3093090057373
178.47488403320312,198.28857421875
178.3073902130127,199.27682495117188
178.13203155994415,200.2734661102295
177.91590881347656,201.25042724609375
177.586181640625,202.1865234375
177.19140625,203.109375
176.83247208595276,203.50037956237793
176.51159763336182,204.44628143310547
176.18259048461914,205.39865112304688
175.85334610939026,206.33338737487793
175.51282596588135,207.28020477294922
175.1725778579712,208.20531463623047
174.81457901000977,209.15524291992188
174.45399475097656,210.0867919921875
174.08404541015625,211.01513671875
173.70532608032227,211.93551635742188
173.31160068511963,212.85875701904297
172.91058731079102,213.76217651367185
172.48309707641602,214.68209838867188
172.04393863677979,215.5781784057617
171.58790588378906,216.4530029296875
171.09799575805664,217.32540893554688
170.5712890625,218.1796875
169.99218368530273,219.00389862060547
169.05979919433594,219.34616088867188
168.07762145996094,219.49118041992188
167.06829833984375,219.4647216796875
166.08984375,219.3046875
165.11680603027344,219.03829956054688
164.17459106445312,218.73182678222656
163.2100830078125,218.44097900390625
162.24319458007812,218.18800354003906
161.2618408203125,218.01373291015625
160.265625,217.96629333496094
159.28125,217.81536865234375
158.3125,217.54858398437497
157.375,217.1787109375
156.44188976287842,216.84685039520264
155.47821497917175,216.57797503471375
154.51743698120117,216.30427169799805
153.55955576896667,216.02574038505554
152.60457134246826,215.74238109588623
151.64192122220993,215.45096462965012
150.6822326183319,215.15461230278015
149.7360029220581,214.85666179656982
148.78220480680466,214.5504919886589
147.83136820793152,214.23938632011414
146.87309336662292,213.9198443889618
145.93857955932617,213.60236740112305
144.9862928390503,213.2728452682495
144.04733484983444,212.9419419169426
143.1113383769989,212.60610270500183
142.168066740036,212.26155543327332
141.2278220653534,211.911963224411
140.29060435295105,211.55732607841492
139.35641360282898,211.19764399528503
138.42524981498718,210.83291697502136
137.49711298942566,210.4631450176239
136.5720031261444,210.08832812309265
135.64992022514343,209.7084662914276
134.73086428642273,209.32355952262878
133.8148353099823,208.93360781669617
132.88201904296875,208.52996826171875
131.9721097946167,208.12981700897217
131.06522750854492,207.7246208190918
130.141756772995,207.30540537834167
129.2409942150116,206.89000964164734
128.34325861930847,206.4695689678192
127.42913341522215,206.0347776412964
126.53751754760741,205.6041374206543
125.62964510917662,205.15892481803894
124.74414896965025,204.71808505058289
123.84252929687499,204.262451171875
122.96315288543701,203.81141185760498
122.06778597831726,203.34535670280457
121.19452929496765,202.88411784172058
120.30541515350342,202.40764141082764
119.4194610118866,201.92589831352234
118.55541682243347,201.4493052959442
117.67571544647217,200.9571409225464
116.80848234891891,200.46502941846848
115.95343399047852,199.95333099365234
115.25636291503906,199.22299194335938
114.619384765625,198.45458984375
114.2275390625,197.568359375
115.12818908691406,197.38754272460938
116.07720947265625,197.6556396484375
117.02441263198853,198.00878763198853
117.96212351322174,198.34493601322174
118.89559364318848,198.67684364318848
119.84890234470367,199.01296484470367
120.79774713516235,199.34462213516235
121.7302017211914,199.6677017211914
122.68204498291016,199.99454498291016
123.62931060791016,200.31681060791016
124.5719985961914,200.6344985961914
125.53350305557251,200.9553780555725
126.46692132949829,201.2637963294983
127.41892433166504,201.57517433166504
128.37763941287994,201.88545191287994
129.33142709732056,202.19080209732056
130.28028738498688,202.49122488498688
131.23556292057037,202.79025042057037
132.19707345962524,203.08769845962524
133.14219522476196,203.37657022476196
134.1045913696289,203.6670913696289
135.06169748306274,203.95232248306274
136.01351356506348,204.23226356506348
136.98198890686035,204.51323890686035
137.94492530822754,204.78867530822754
138.90232276916504,205.05857276916504
139.87575006484985,205.32887506484985
140.8433837890625,205.5933837890625
141.80522394180298,205.85209894180298
142.7612705230713,206.1050205230713
143.73257446289062,206.35757446289062
144.6978244781494,206.6040744781494
145.67780542373657,206.84968042373657
146.6514663696289,207.0889663696289
147.61880731582642,207.32193231582642
148.60020685195923,207.55333185195923
149.57501459121704,207.77813959121704
150.54323053359985,207.99635553359985
151.52481842041016,208.21231842041016
152.49953699111938,208.42141199111938
153.46738624572754,208.62363624572754
154.44790649414062,208.82290649414062
155.44066858291626,209.01879358291626
156.42598915100098,209.20723915100098
157.40386819839478,209.38824319839478
158.39325952529907,209.56513452529907
159.37491464614868,209.73428964614868
160.3488335609436,209.8957085609436
161.2523422241211,209.7476577758789
161.95703125,209.04296875
162.93253326416016,208.97497177124023
163.9295425415039,208.88845443725586
164.91650390625,208.734130859375
165.88916015625,208.505615234375
166.8431167602539,208.19631576538086
167.7605381011963,207.80584621429443
168.63912391662598,207.33075618743894
169.4765396118164,206.76754379272458
170.2485122680664,206.13253402709958
170.94717407226562,205.44029235839844
171.59598541259766,204.67327499389646
172.17752838134766,203.85808944702148
172.69619750976562,203.00132751464844
173.15625,202.109375
173.56180572509766,201.18841171264648
173.91082191467285,200.26174068450928
174.15357971191406,199.28428649902344
174.3452491760254,198.31621932983398
174.52446579933167,197.32543921470642
174.6884765625,196.3349609375
174.83826279640198,195.3494107723236
174.97624450922012,194.36220067739487
175.10450959205627,193.36517691612244
175.22217178344727,192.3721580505371
175.33113956451416,191.37414455413818
175.43063932657242,190.3854860663414
175.5224084854126,189.39637660980225
175.6079065799713,188.39570021629333
175.68632912635803,187.39766097068787
175.758056640625,186.404052734375
175.82433754205704,185.4027642607689
175.88453674316406,184.40879821777344
175.93976998329163,183.40941786766052
175.99021250009537,182.40544933080673
176.03539109230042,181.41265845298767
176.07623291015625,180.41741943359375
176.1134397983551,179.40504431724548
176.14604783058167,178.40698218345642
176.17480808496475,177.40877717733383
176.19987827539444,176.41117280721664
176.22141361236572,175.41490077972412
176.23956680297852,174.42068099975586
176.25471591949463,173.41229915618896
176.2666831612587,172.40691369771957
176.27561622858047,171.40522092580795
176.28166031837463,170.4079053401947
176.28495812416077,169.41563963890076
176.28563904762268,168.41103720664978
176.28376060724258,167.41236585378647
176.2794604897499,166.42027467489243
176.27272707223892,165.4167122244835
176.26375222206116,164.42057967185974
176.25243335962296,163.4133967757225
176.23904997110367,162.41447776556015
176.22341018915176,161.4049214720726
176.20587944984436,160.4044473171234
176.18658542633057,159.41365718841553
176.16520524024963,158.4130322933197
176.14222866296768,157.42287820577621
176.11724853515625,156.42327880859375
176.09026485681534,155.4142341017723
176.061889231205,154.41662400960922
176.03159099817276,153.409950196743
176.00006103515625,152.41546630859375
175.96668773889542,151.4122924208641
175.93223959207535,150.42204803228378
175.89602571725845,149.4234794974327
175.85804611444473,148.41658681631088
175.81918358802795,147.42352843284607
175.7786312699318,146.42250388860703
175.73638916015625,145.41351318359375
175.6934518814087,144.4192419052124
175.64889907836914,143.41735458374023
175.6037979722023,142.4308790564537
175.5566024929285,141.4255317300558
175.50839759409428,140.4244240373373
175.45923709869385,139.427809715271
175.40917420387268,138.43593955039978
175.35763931274414,137.43712997436523
175.30463242530823,136.43138098716736
175.2508107572794,135.43078921735287
175.19622625410557,134.43559955060482
175.1402390152216,133.43379698693752
175.08355736732483,132.4377191066742
175.02623200416565,131.44760489463806
174.9486778974533,130.4470250606537
174.85554206371307,129.45014548301697
174.76206195354462,128.45808577537537
174.66700074076653,127.45788806676865
174.57158613204956,126.46263790130615
174.47457206249237,125.45950675010681
174.37719535827637,124.46145248413086
174.27945601940155,123.4684751033783
174.18135404586792,122.48057460784912
174.0816247165203,121.48518365621567
173.98152339458466,120.49500060081482
173.87977588176727,119.49759078025818
173.77764689922333,118.50552153587341
173.67385265231133,117.50649255514145
173.56966733932495,116.51293849945068
173.4637974500656,115.51269507408142
173.3575267791748,114.51806259155273
173.25085532665253,113.52904105186462
173.14247485995293,112.53367227315903
173.03368377685547,111.54405212402344
172.92316389083862,110.54836177825928
172.81222343444824,109.55855941772461
172.6982058286667,108.55129027366638
172.5864142179489,107.57340407371521
172.47152519226074,106.57833480834961
172.35485169291496,105.57797473669052
172.23772704601288,104.5839307308197
172.1187971830368,103.58488631248474
171.9994057416916,102.59230399131775
171.87955272197723,101.60618376731873
171.756498336792,100.60433578491211
171.6343364417553,99.62026637792587
171.50894117355347,98.62091732025146
171.38443839550018,97.63934683799744
171.25666987895966,96.64294981956482
171.12839686870575,95.6536157131195
170.99961936473846,94.6713445186615
170.86752128601074,93.67501449584961
170.73489654064178,92.68605780601501
170.59890639781952,91.68366980552673
170.462366938591,90.68897223472595
170.32527816295624,89.70196509361267
170.18764007091522,88.72264838218689
170.04656791687012,87.73086166381836
169.90347501635551,86.7370919585228
169.75979793071747,85.75150084495544
169.6140764951706,84.7642571926117
169.4648265838623,83.76586532592773
169.31495654582977,82.77615523338318
169.164466381073,81.79512691497803
169.01038694381714,80.80380153656006
168.8556628227234,79.82150173187256
168.6972998380661,78.82959914207458
168.53826713562012,77.84707260131836
168.37554502487183,76.85565090179443
168.21212768554688,75.87396240234375
168.04496943950653,74.88409972190857
167.8770899772644,73.90433406829834
167.70541715621948,72.91712856292725
167.52991092205048,71.92304396629333
167.35363006591797,70.93980407714844
167.17346143722534,69.95044612884521
166.99249076843262,68.97231674194336
166.80757701396942,67.9888436794281
166.62183332443237,67.01698970794678
166.42892062664032,66.02440810203552
166.23512077331543,65.04424667358398
166.0372347831726,64.0607442855835
165.83843231201172,63.09007263183594
165.63225555419922,62.10154724121094
165.42510223388672,61.12669372558594
165.21371257305145,60.15060210227966
164.9980400800705,59.17392325401306
164.77803754806519,58.1973180770874
164.55365705490112,57.22145748138428
164.3281741142273,56.26103115081787
164.09490776062012,55.28847885131836
163.85375785827637,54.30520248413086
163.61137199401855,53.339229583740234
163.3609652519226,52.364455223083496
163.1092529296875,51.407958984375
162.67860412597656,50.51285934448242
162.14508056640625,49.67912292480469
161.61529541015625,48.81303405761719
161.11725234985352,47.95317363739014
160.6416015625,47.074951171875
160.1962890625,46.178466796875
159.793212890625,45.26678466796875
159.44097900390625,44.32292175292969
159.17144775390625,43.37077331542969
159.015625,42.38671875
158.37990188598633,42.09375
157.40215229988098,42.2421875
156.40386325120926,42.39453125
155.41083240509033,42.546875
154.4230597615242,42.69921875
153.44054532051086,42.8515625
152.46328908205032,43.00390625
151.46643716096878,43.16015625
150.4751165509224,43.31640625
149.48932725191116,43.47265625
148.5090692639351,43.62890625
147.5100452899933,43.7890625
146.52890999615192,43.947265625
145.5414378196001,44.107421875
144.54784137010574,44.26953125
143.57206273078918,44.4296875
142.57851028442383,44.59375
141.59105610847473,44.7578125
140.6097002029419,44.921875
139.6228690892458,45.087890625
138.64228230714798,45.25390625
137.65651416778564,45.421875
136.6657876521349,45.591796875
135.68160277605057,45.76171875
134.69276028871536,45.93359375
133.7106106877327,46.10546875
132.73515397310257,46.27734375
131.74445056915283,46.453125
130.76074773073196,46.62890625
129.77323253452778,46.806640625
128.79287433624268,46.984375
127.80901837348938,47.1640625
126.82190318405628,47.345703125
125.84226304292679,47.52734375
124.85968518257141,47.7109375
123.86408352851868,47.89843749999999
122.89694148302078,48.08203124999999
121.91710406541824,48.26953124999999
120.92506909370422,48.46093749999999
119.94133454561234,48.65234374999999
118.96590042114258,48.84374999999999
117.9791157245636,49.03906249999999
117.00097370147705,49.23437499999999
116.01217252016068,49.43359374999999
115.03236317634583,49.63281249999999
114.0615456700325,49.83203124999999
113.08095055818558,50.03515625
112.10970336198807,50.23828125
111.12939763069153,50.4453125
110.14058303833008,50.65625
109.1618492603302,50.8671875
108.1931962966919,51.078125
107.21696788072586,51.29296875
106.2337344288826,51.51171875
105.26134234666824,51.73046874999999
104.28271961212158,51.95312499999999
103.31532889604568,52.17578124999999
102.34249573945999,52.40234374999999
101.36482167243958,52.63281249999999
100.39918166399,52.86328124999999
99.41346096992491,53.10156249999999
98.45644879341125,53.3359375
97.48061084747314,53.578125
96.518061876297,53.8203125
95.53840184211731,54.0703125
94.57290196418762,54.3203125
93.60680991411209,54.57421875
92.64079982042313,54.83203125
91.67555618286133,55.09375
90.71177387237549,55.359375
89.75015813112259,55.62890625
88.77785110473633,55.90625
87.8229711651802,56.18359375
86.8593635559082,56.46875
85.90135884284973,56.7578125
84.96228504180908,57.046875
83.99294400215149,57.3515625
83.04463577270508,57.65625
82.0938606262207,57.96875
81.18701171875,58.3863525390625
80.21115112304688,58.600746154785156
79.2137451171875,58.666168212890625
78.21774291992188,58.633033752441406
77.23021697998047,58.53154945373535
76.23947143554688,58.377845764160156
75.24951171875,58.1832275390625
74.2918701171875,57.963043212890625
73.31393432617188,57.711036682128906
72.3572998046875,57.441802978515625
71.39404296875,57.1510009765625
70.44860076904297,56.84865760803223
69.48693084716797,56.52584266662598
68.55343627929688,56.199256896972656
67.87159729003906,56.3984375
67.59820556640625,57.359375
67.37372207641602,58.33203125
67.20004653930664,59.31640624999999
67.0791015625,60.31249999999999
67.01373291015625,61.296875
66.94226455688477,62.292110443115234
66.75880432128906,63.27244567871094
66.58917617797852,64.27019882202148
66.43838882446289,65.26473617553711
66.30767822265625,66.25482177734375
66.19830322265625,67.23919677734375
66.11024475097656,68.23350524902344
66.04615783691406,69.23509216308594
66.0087890625,70.2412109375
65.9585822224617,71.23286974430084
65.7874641418457,72.21512603759766
65.62169766426086,73.1988434791565
65.45885181427002,74.1977481842041
65.3034553527832,75.18265533447266
65.15303975343704,76.16709578037262
65.00748521089554,77.1504465341568
64.86452704668045,78.14729845523834
64.72627258300781,79.14224243164062
64.59260559082031,80.13467407226562
64.46341162919998,81.1239982843399
64.3385780453682,82.10962927341461
64.21603566408157,83.10717451572418
64.09770584106445,84.10025787353516
63.983479499816895,85.08831214904785
63.87139892578125,86.0875244140625
63.763278782367706,87.08096373081207
63.65901356935501,88.06808149814606
63.55675345659256,89.06562578678131
63.45820999145508,90.0561294555664
63.36160308122635,91.05670320987701
63.2685769200325,92.049529671669
63.17741996049881,93.05207598209381
63.0897102355957,94.04618072509766
63.0053493976593,95.03133249282837
62.92121297121048,96.0440183877945
62.84184193611145,97.02874994277954
62.7626953125,98.041015625
62.68812274932861,99.02433204650879
62.61516189575195,100.01602935791016
62.54381275177002,101.0161075592041
62.47407531738281,102.02456665039062
62.40724450349808,103.02177298069
62.34322911500931,104.0072523355484
62.27946853637695,105.02042388916016
62.21846318244934,106.02155542373657
62.16012364625931,107.0101820230484
62.10321521759033,108.00625038146973
62.04773789644241,109.00976049900055
61.994780361652374,110.00000631809235
61.94319611787796,110.9973932504654
61.89298516511917,112.00192129611969
61.8446491509676,113.00301542878151
61.79765796661377,114.0111026763916
61.753432512283325,114.99402093887329
61.70954829454422,116.00508081912994
61.66787272691727,117.00125849246979
61.62745839357376,118.00399458408356
61.58914303779602,118.9912781715393
61.55162914097309,119.99591293931007
61.51574118435383,120.99581900238991
61.48143893480301,121.99078714847565
61.447951555252075,123.00317621231079
61.416375398635864,123.9991364479065
61.385953187942505,125.00109720230103
61.357337296009064,125.98608362674713
61.329196751117706,126.99990904331207
61.30281066894531,127.99649047851562
61.277526676654816,128.99880278110504
61.25389462709427,129.9833379983902
61.23078918457031,130.99697875976562
61.20928502082825,131.99257898330688
61.18883228302002,132.9936466217041
61.16943097114563,134.00018167495728
61.1515057682991,134.98802530765533
61.13458251953125,135.9810791015625
61.11847324669361,136.99154916405678
61.10374188423157,137.98281717300415
61.08982449769974,138.99150145053864
61.077212154865265,139.98060476779938
61.065274238586426,140.9995822906494
61.054593086242676,141.9987277984619
61.044981315732,142.9902504980564
61.03629952669144,143.98660910129547
61.02854771912098,144.9878036081791
61.02172589302063,145.99383401870728
61.0159028172493,146.99187433719635
61.010986328125,147.99462890625
61.007022097706795,148.98915162682533
61.00394135713577,149.98826849460602
61.001744106411934,150.99197950959206
61.00044174492359,151.98716035485268
61.000000074505806,152.9868167936802
60.8760986328125,153.98324584960938
60.936798095703125,154.97505950927734
61.12494659423828,155.9604091644287
61.398712158203125,156.91719818115234
61.736328125,157.85693359375
62.1202392578125,158.77572631835938
62.5460205078125,159.68881225585938
63.001953125,160.58740234375
63.47705078124999,161.4632568359375
63.97077178955078,162.3252468109131
64.486328125,163.18505859375
65.01905059814453,164.0391902923584
65.55847358703613,164.8751540184021
66.11190986633301,165.70771169662476
66.67626953125,166.5345458984375
67.1593017578125,167.39215087890625
67.55768585205078,168.3257179260254
67.970703125,169.2353515625
68.4044189453125,170.13970947265625
68.84597778320312,171.01673889160156
69.314453125,171.9072265625
69.79773712158203,172.78949356079102
70.29395294189453,173.66260147094727
70.80126953125,174.525634765625
71.31790161132812,175.37770080566406
71.84210968017578,176.2179298400879
72.38720703125,177.068603515625
72.9376220703125,177.90631103515625
73.39593505859375,178.78155517578125
73.86184310913086,179.67146682739258
74.34666442871094,180.5556182861328
74.8427734375,181.4033203125
75.38829040527344,182.2429962158203
76.01559448242188,183.03121948242188
76.44817352294922,183.92473602294922
76.86325073242188,184.84762573242188
77.2381591796875,185.7694091796875
77.56784057617186,186.70846557617188
77.83288574218749,187.6766357421875
77.98654174804688,188.65841674804688
77.93542480468749,189.6541748046875
77.46826171875,190.53076171875
76.576171875,190.951171875
75.7358169555664,191.3192901611328
74.837890625,191.73828125
73.8521728515625,191.626220703125
72.9371109008789,191.24531555175778
72.07975006103516,190.73371887207028
71.26798248291016,190.14924621582028
70.48563385009766,189.51423645019528
69.73879432678223,188.85454177856445
69.01568031311035,188.1739387512207
68.29824829101562,187.46368408203125
67.60636329650879,186.74983596801758
66.92436838150024,186.0215883255005
66.24853515625,185.2783203125
65.5546875,184.5560646057129
64.8515625,183.86072158813477
64.13671875,183.16082859039307
63.421875,182.46803283691406
62.6953125,181.7711524963379
61.96875,181.08160400390625
61.2421875,180.39938735961914
60.50390625,179.71367740631104
59.765625,179.03553771972656
59.02734375,178.36496829986572
58.2890625,177.70196914672852
57.5390625,177.03619766235352
56.7890625,176.37823867797852
56.02734375,175.71799564361572
55.265625,175.06581115722656
54.50390625,174.42168521881104
53.693359375,173.8701171875
52.810638427734375,173.4012908935547
51.999900817871094,172.80021286010742
51.306114196777344,172.07758712768555
50.754974365234375,171.2601776123047
50.339202880859375,170.3540496826172
50.05615234375,169.385498046875
49.896820068359375,168.4102020263672
49.835052490234375,167.4017791748047
49.857261657714844,166.3956413269043
49.946556091308594,165.40586471557617
49.838714599609375,164.43443298339844
50.0384521484375,163.47015380859375
50.5970458984375,162.63226318359375
51.294525146484375,161.92356872558594
52.070892333984375,161.28636169433594
52.877044677734375,160.71189880371094
53.712181091308594,160.17492294311523
54.65625,159.892333984375
55.53125,159.413818359375
56,158.62418735027313
56,157.63372802734375
56,156.61714935302734
56,155.6233567148447
56,154.63325345516205
56.00137710571289,153.61926651000977
56.016117095947266,152.61764907836914
56.04286193847656,151.62965393066406
56.0791015625,150.6337890625
56.12359619140625,149.61920166015625
56.17306900024414,148.62836074829102
56.22804355621338,147.62830448150635
56.28743839263915,146.62660312652588
56.35022354125976,145.63046646118164
56.416680335998535,144.62815952301025
56.48481845855712,143.6433801651001
56.556655883789055,142.64247131347656
56.63034915924072,141.64810276031494
56.7069787979126,140.64294528961182
56.784539222717285,139.650803565979
56.86431884765625,138.65289306640625
56.94606018066406,137.65101623535156
56.99126887321472,136.65769004821777
56.96623343229294,135.6551604270935
56.9422025680542,134.6606674194336
56.91875147819519,133.65567588806152
56.89634323120117,132.65902709960938
56.87459200620651,131.6524977684021
56.853922605514526,130.6546230316162
56.834335029125214,129.6654028892517
56.81550282239914,128.66708898544312
56.79748606681824,127.6601619720459
56.78063124418259,126.6625304222107
56.76467341184616,125.65693807601929
56.74991863965988,124.66097021102905
56.736143827438354,123.65770530700684
56.723613917827606,122.66439962387085
56.71214836835861,121.6644721031189
56.70181155204773,120.65843772888184
56.6928054690361,119.66304922103882
56.68501538038254,118.6622519493103
56.678507804870605,117.65657806396484
56.673419654369354,116.66225957870483
56.669704139232635,115.66378545761108
56.66742992401123,114.66170501708984
56.666666746139526,113.65657615661621
56.66746139526367,112.66390991210938
56.66990947723389,111.6541976928711
56.67401123046875,110.65771484375
56.67986363172531,109.66010046005249
56.68754070997238,108.66194677352905
56.69711756706238,107.66385459899902
56.70867037773132,106.66643333435059
56.72247600555419,105.6567611694336
56.73824000358581,104.66275596618652
56.756468534469604,103.65819358825684
56.77676272392273,102.67015647888184
56.80004757642746,101.66063451766968
56.82556438446045,100.6689682006836
56.854410886764526,99.65852928161621
56.88566207885742,98.66732788085938
56.92016887664795,97.6718978881836
56.95811152458191,96.67368125915527
56.99967455863952,95.67415428161621
57.04504680633544,94.6748275756836
57.09442138671875,93.67724609375
57.149169921875,92.662109375
57.20721435546875,91.67333984375
57.2711820602417,90.6714096069336
57.340113401412964,89.67891502380371
57.415690422058105,88.67903900146484
57.49836802482605,87.6754207611084
57.586994886398315,86.68912315368652
57.68522262573242,85.68881225585938
57.79201579093933,84.69647789001465
57.909783124923706,83.70111656188965
58,82.7172737121582
58,81.71848553419113
58,80.70574569702148
58,79.70861146878451
58,78.70949822664261
58,77.70597942825407
58,76.69932647794485
58,75.70880727563053
58,74.70640909578651
58,73.70261001586914
58,72.70706850290298
58,71.71411085128784
58,70.70391400903463
58,69.71534806489944
58,68.7044317945838
58,67.71439499408007
58,66.71497482061386
58,65.71810334175825
58,64.7051887512207
58,63.71181058883667
57.838946521282196,63.24678182601929
57.29838562011719,64.0726318359375
56.74508357048035,64.91400718688965
56.19367504119873,65.74849700927734
55.64416003227234,66.57610130310059
55.082153022289276,67.41832494735718
54.52214050292969,68.2532958984375
53.96412247419357,69.08101415634155
53.40809893608093,69.90147972106934
52.839890241622925,70.73544883728027
52.27377963066101,71.56178855895996
51.70976710319519,72.3804988861084
51.147852659225464,73.19157981872559
50.574067771434784,74.01501989364624
49.99553029239178,74.84033906459808
49.41925120353699,75.65744590759277
48.83832836151123,76.47603607177734
48.25971865653992,77.28621482849121
47.67657534778118,78.09747636318207
47.09580057859421,78.90012502670288
46.49702328443527,79.72202825546265
45.91430735588074,80.51633262634277
45.320549726486206,81.31998252868652
44.715923488140106,82.13234853744507
44.11395263671875,82.93505859375
43.51463717222214,83.72811269760132
42.904748141765594,84.52881002426147
42.297633826732635,85.31941747665405
41.69329422712326,86.09993505477904
41.07868266105652,86.88699913024901
40.4539840221405,87.67993736267088
39.83230662345886,88.46188926696776
39.20079392194748,89.24879980087279
38.57242965698242,90.02426147460936
37.94721382856369,90.78827428817748
37.29982280731201,91.57131195068358
36.668436765670776,92.32695579528807
36.01527285575867,93.1001796722412
35.365654706954956,93.86050987243651
34.719582319259644,94.60794639587401
34.05241394042969,95.37048339843749
33.38906931877136,96.11911582946776
32.72954845428467,96.85384368896483
32.04963970184326,97.60109710693358
31.3738431930542,98.33339691162108
30.690201938152313,99.06341695785522
29.99894016981125,99.79034185409546
29.31208962202072,100.50122594833374
28.606196582317352,101.21974325180054
27.893378019332886,101.93263816833496
27.185438811779022,102.62778997421265
26.459410429000854,103.32710838317871
25.738586604595184,104.00750112533568
25.00033450126648,104.6896572113037
24.256393432617188,105.36169433593749
23.51816439628601,106.01296043395995
22.752486884593964,106.67162084579466
21.99305248260498,107.30757904052733
21.207255363464355,107.94698333740234
20.428256034851074,108.5616683959961
19.63470149040222,109.16766929626465
18.827173948287964,109.76286888122559
18.006271362304688,110.3450927734375
17.193346738815308,110.89830589294434
16.347335815429688,111.4486083984375
15.489832878112793,111.97908782958984
14.641582489013672,112.47592163085938
13.762863159179688,112.9603271484375
12.87467646598816,113.41754722595215
11.958354949951172,113.85385131835938
11.053620100021362,114.24802207946777
10.122722625732422,114.61410522460938
9.16720461845398,114.94649314880371
8.1875,114.875
7.66668701171875,114.11804199218749
7.92645263671875,113.1531982421875
8.608123302459717,112.4399139881134
9.32594108581543,111.74863147735596
10.042289733886719,111.03004837036133
10.730227947235107,110.31603360176086
11.419242858886719,109.57985305786133
12.082473278045654,108.85322117805481
12.753291606903076,108.10191082954407
13.417663097381592,107.34294438362122
14.060224533081055,106.5959062576294
14.70521354675293,105.8341417312622
15.35166883468628,105.05950474739075
15.984434127807617,104.29118061065674
16.616209030151367,103.51472187042236
17.24611234664917,102.73182797431946
17.87328290939331,101.94415974617004
18.481536388397217,101.17288517951965
19.100471019744873,100.38101124763489
19.714216232299805,99.58910083770752
20.321990966796875,98.79866027832031
20.93121898174286,98.00039464235306
21.53321647644043,97.20602893829346
22.135679244995117,96.40574359893799
22.73824679851532,95.60023385286331
23.33190155029297,94.8018684387207
23.924726486206055,94.0000810623169
24.5252685546875,93.18341064453125
25.115527629852295,92.37652707099915
25.69484281539917,91.58070492744446
26.280993938446045,90.77169919013977
26.87398099899292,89.94950985908508
27.4549560546875,89.14044189453125
28.032821536064148,88.33234864473343
28.616897106170654,87.51227879524231
29.197455883026123,86.69396901130676
29.774197459220886,85.877998650074
30.346826434135437,85.0649374127388
30.92506968975067,84.24104863405228
31.498813152313232,83.42081570625305
32.067771434783936,82.60478901863098
32.641963481903076,81.77866864204407
33.21099650859833,80.95747548341751
33.77459514141083,80.14174062013626
34.34306037425995,79.3166201710701
34.90573072433472,78.4976532459259
35.47308909893036,77.66964513063431
36.03429877758026,76.84847289323807
36.6000212430954,76.0185974240303
37.15924787521362,75.19622731208801
37.72281539440155,74.36548548936844
38.29072380065918,73.52637195587158
38.840450167655945,72.71227914094925
39.40552604198456,71.87360602617264
39.963348388671875,71.04389953613281
40.51942464709282,70.21504934132099
41.079426646232605,69.37862807512283
41.6258544921875,68.56085205078125
42.17639923095703,67.71844100952148
42.7130126953125,66.87005615234375
43.250505447387695,66.03197383880615
43.79871368408203,65.18853378295898
44.34699249267578,64.35580062866211
44.90558624267578,63.51791000366211
45.463457107543945,62.69112300872803
46.020021438598626,61.875731468200684
46.597541809082024,61.039119720458984
47.161760330200195,60.2306432723999
47.74693489074707,59.400946617126465
48.31767463684082,58.59995174407959
48.909370422363274,57.77773666381836
49.497871398925774,56.96786117553711
50.08262825012207,56.170599937438965
50.675811767578125,55.36912536621094
51.277421951293945,54.56343746185303
51.880924701690674,53.76217436790466
52.47943305969238,52.97415065765381
53.092546463012695,52.17345333099365
53.70014190673828,51.38625717163086
54.297587871551514,50.585925579071045
54.88532209396362,49.763564586639404
55.46313428878784,48.94892072677612
56.03930175304413,48.13018500804901
56.60525321960449,47.31939506530762
57.184919357299805,46.48182487487793
57.745641589164734,45.66435992717743
58.31088066101074,44.83263969421387
58.86468493938446,44.00981318950653
59.4217529296875,43.1737060546875
59.97393608093262,42.33602714538574
60.51372528076172,41.50798797607422
61.054831981658936,40.66818189620972
61.59625196456909,39.81738996505737
62.123939037323,38.97727918624878
62.65056610107422,38.12725067138672
63.17507743835449,37.26812553405762
63.69042098522186,36.410759806632996
64.20183563232422,35.54570770263672
64.70260620117188,34.683563232421875
65.19757032394409,33.81519269943237
65.68556928634644,32.94149732589722
66.16541862487793,32.063398361206055
66.63590812683105,31.18183708190918
67.09580183029175,30.29777479171753
67.5438380241394,29.412192821502686
67.98703336715698,28.508891582489014
68.41486930847168,27.606794357299805
68.83335828781128,26.69048261642456
69.23277997970581,25.778258800506592
69.6180911064148,24.855525493621826
69.98630475997925,23.92460584640503
70.33433103561401,22.987903118133545
70.65897703170776,22.047900676727295
70.96117401123047,21.09313201904297
71.23574638366699,20.127622604370117
71.47728681564331,19.155578136444092
71.68015623092651,18.181384563446045
71.841796875,17.185546875
71.94994354248047,16.19908905029297
71.99860954284668,15.194440841674805
134.80629348754883,68.00934600830078
135.8017578125,68.048828125
136.7919807434082,68.12305450439453
137.7899055480957,68.23902130126953
138.7852325439453,68.40359497070312
139.75014114379883,68.61969757080078
140.708251953125,68.90283203125
141.64336013793945,69.26380157470703
142.5381622314453,69.71414184570312
143.36139297485352,70.26549530029297
144.19333267211914,70.83599090576172
145.04590225219727,71.36522674560547
145.9191017150879,71.85320281982422
146.81293106079102,72.29991912841797
147.72739028930664,72.70537567138672
148.64430236816406,73.06295776367188
149.59962463378906,73.38668823242188
150.55661392211914,73.66411590576172
151.533447265625,73.90185546875
152,74.52342987060547
152.49346923828125,75.17926025390625
153.3992462158203,75.61170959472655
154.202392578125,76.203369140625
154.788330078125,77.008056640625
154.99981689453125,77.96881103515625
154.6142578125,78.888671875
154.05157470703122,79.7166748046875
153.3465118408203,80.42111206054688
152.53302001953125,80.9959716796875
151.64552688598633,81.44988250732422
150.7090950012207,81.79955291748047
149.77227783203125,82.121337890625
148.9187774658203,82.67340087890625
148.12677001953125,83.27368164062499
147.358642578125,83.9072265625
146.5968780517578,84.57135009765624
145.8637237548828,85.23638916015624
145.12849807739258,85.92372131347656
144.40937519073486,86.61236953735352
143.68829345703125,87.316650390625
142.98438262939453,88.01562118530273
142.28247833251953,88.72594833374023
141.58448028564453,89.44994735717773
140.908203125,90.1708984375
140.2305908203125,90.91595458984375
139.57058715820312,91.66783142089844
138.93313598632812,92.42405700683594
138.30325317382812,93.20774841308594
137.69192504882812,94.01341247558594
137.11890411376953,94.82336044311523
137.78492736816406,94.98259353637695
138.79254150390625,94.91535949707031
139.77345275878906,94.8095588684082
140.76129150390625,94.66926574707031
141.74855041503906,94.5001106262207
142.72808837890625,94.30744934082031
143.72125244140625,94.08992004394531
144.68097305297852,93.86085224151611
145.644775390625,93.61407470703125
146.625244140625,93.34747314453125
147.57281494140625,93.07624816894531
148.5478515625,92.784423828125
149.49957656860352,92.48811054229736
150.44140625,92.1845703125
151.40510940551758,91.92469787597656
152.40047073364258,91.79286193847656
153.39522171020508,91.75038146972656
154.38848876953125,91.820556640625
155.37211990356445,92.03639221191406
156.2941436767578,92.42291259765625
157.11439895629883,92.98939514160156
157.79753494262695,93.71656799316406
158,94.65024852752686
157.970458984375,95.657958984375
157.78753662109375,96.63128662109374
157.37738037109375,97.53363037109375
156.88327026367188,98.38108825683594
156.41061401367188,99.26976013183594
155.7274169921875,100.00042724609375
154.91671752929688,100.56187438964844
154.01950073242188,100.99217224121094
153.05929565429688,101.32066345214844
152.0946044921875,101.55902099609375
151.10888671875,101.734130859375
150.12301635742188,101.85643005371094
149.125,101.9375
148.12692260742188,101.98338317871094
147.12267303466797,101.99981307983398
146.1374101638794,102.12683200836182
145.14850330352783,102.2810525894165
144.15630054473877,102.44516086578369
143.18157505989075,102.61543107032776
142.18284916877747,102.7991087436676
141.2017364501953,102.98854064941406
140.21746373176575,103.18745255470276
139.25107312202454,103.39131188392639
138.2711017727852,103.60661655664444
137.28803730010986,103.83120059967041
136.32311993837357,104.0599370598793
135.35524106025696,104.29755806922913
134.37371563911438,104.54682183265686
133.4105987548828,104.79945373535156
132.44458508491516,105.06077599525452
131.48645621538162,105.32774072885513
130.5254945755005,105.60320377349854
129.5725450515747,105.88392734527588
128.61682605743408,106.17295932769775
127.65833759307861,106.47029972076416
126.6970796585083,106.7759485244751
125.75499272346497,107.0826780796051
124.81026077270508,107.39734268188477
123.86288380622864,107.71994233131409
122.91286182403564,108.05047702789307
121.9601948261261,108.3889467716217
121.02712941169739,108.72720551490784
120.09154057502747,109.0730345249176
119.15342831611633,109.426433801651
118.21279263496399,109.78740334510803
117.29211902618408,110.14708042144775
116.36904072761536,110.51397156715393
115.43225651979446,110.89268356561661
114.51567006111145,111.26939606666565
113.58537769317627,111.65792942047119
112.66406947374344,112.04880720376968
111.74041485786438,112.44672417640686
110.82586026191711,112.84663796424866
109.90901684761047,113.25341820716858
109.01289081573486,113.65664005279541
108.09152698516846,114.07698154449463
107.19099354743958,114.49342560768127
106.28828430175781,114.91639709472656
105.38339924812317,115.3458960056305
104.47633838653564,115.78192234039307
103.5787723660469,116.21876102685928
102.67908596992493,116.66196084022522
101.78607940673828,117.12521362304688
100.89285278320312,117.5770263671875
99.96173858642578,117.91476440429688
98.98505401611328,118.10275268554688
97.97561645507811,118.0897216796875
97.0078125,117.84375
96.12707519531249,117.38232421875
95.3546142578125,116.75341796875
94.69275665283203,116.01412963867188
94.11795043945312,115.1922607421875
93.6054573059082,114.33515167236328
93.253173828125,113.39501953125
93.27618408203125,112.40734863281249
93.84014892578125,111.6016845703125
94.70820617675781,111.10671997070312
95.68316650390625,110.91925048828125
96.62208557128906,110.58686828613281
97.48657226562499,110.102783203125
98.30688476562499,109.516845703125
99.06471252441406,108.88398742675781
99.80188369750977,108.1959114074707
99.44907188415527,107.52434062957764
98.70256614685059,106.8678846359253
97.958984375,106.1982421875
97.224609375,105.5185546875
96.49569702148438,104.82206726074219
95.79109764099121,104.1230878829956
95.0921630859375,103.39764404296875
94.42244720458984,102.66239547729492
93.77597045898438,101.89970397949219
93.1663818359375,101.10662841796875
92.61104583740234,100.27231979370117
92.1484375,99.38671875
91.69206237792969,98.50108337402344
91.25810241699219,97.61448669433594
90.93572998046875,96.66204833984375
90.74052047729492,95.68154525756836
90.66766357421875,94.68890380859375
90.7074089050293,93.68737411499023
90.84739303588867,92.69540023803711
90.90625,91.720947265625
90.578125,90.77886962890625
90.234375,89.84967041015625
89.8671875,88.92237854003906
89.46875,87.992431640625
89.046875,87.09429931640625
88.514404296875,86.2493896484375
88.2529296875,85.29833984375
88.84490966796875,84.55917358398438
89.81669616699219,84.3517074584961
90.82121276855469,84.34615325927734
91.81327819824219,84.4320297241211
92.80659103393555,84.57224082946777
93.793701171875,84.7484130859375
94.77341842651367,84.95018577575684
95.58335494995117,84.4936294555664
96.39316940307617,83.9247817993164
97.24052429199219,83.40835571289062
98.11979675292969,82.92129516601562
99.00823497772217,82.46257972717285
99.90826869010925,82.02255487442017
100.81137371063232,81.60007667541504
101.7280662059784,81.18673181533813
102.64768600463867,80.7848892211914
103.5601909160614,80.39678049087524
104.48835372924805,80.01126861572266
105.4107780456543,79.63614654541016
106.33849620819092,79.26592445373535
107.26733684539795,78.90152931213379
108.21213030815125,78.53662729263306
109.13193774223328,78.1863923072815
110.08140826225281,77.82956552505493
111.01915240287781,77.48142099380493
111.96287155151367,77.1349868774414
112.88900637626648,76.79853677749634
113.83894634246826,76.45679664611816
114.77832287549973,76.12196123600006
115.7164421081543,75.79044342041016
116.6637077331543,75.45841217041016
117.60712504386902,75.13027429580688
118.5451877117157,74.8063645362854
119.5018413066864,74.47832345962524
120.4511833190918,74.15494537353516
121.39178466796875,73.8365478515625
122.34907150268555,73.51444244384766
123.29576373100281,73.19772958755493
124.23050951957703,72.886709690094
125.18013834953308,72.57238245010376
126.14465022087097,72.25474786758423
127.09502696990967,71.94329261779785
128.0299940109253,71.6382999420166
128.9930641055107,71.32554304599762
129.93947887420654,71.0195255279541
130.66144561767578,70.33855438232422
131.25685119628906,69.54495239257812
131.890625,68.78125
132.73023986816406,68.24172973632812
133.693603515625,68.01220703125
128.34823608398438,78.27044677734375
127.43270874023438,78.64642333984375
126.50220251083374,79.02359676361084
125.5697021484375,79.396240234375
124.64726829528809,79.75924301147461
123.70458984375,80.1240234375
122.77499914169312,80.47714900970459
121.82982444763184,80.82894515991211
120.90093040466309,81.16695785522461
119.96137046813965,81.50036239624023
119.01457786560059,81.82686996459961
118.06412315368652,82.14410018920898
117.11371421813965,82.44958114624023
116.15121459960938,82.74554443359375
115.19797325134277,83.02361679077148
114.22908782958984,83.28868103027344
113.2672348022461,83.53147888183594
112.2806396484375,83.755615234375
111.30855560302734,83.94664001464844
110.36377716064453,84.24950408935547
109.4132080078125,84.6024169921875
108.46741485595703,84.92711639404297
107.51465606689453,85.22362518310547
106.54694366455077,85.48821258544922
105.57526397705078,85.70989227294922
104.59768676757812,85.87887573242188
103.60501098632812,85.98092651367188
102.61395263671875,86.078125
101.63520431518555,86.28515625
100.65434265136719,86.5078125
99.6870231628418,86.74609375
98.72270202636719,87.0078125
97.75321960449219,87.3046875
96.81561279296875,87.640625
96.01974582672119,88.10727882385254
96.22154331207275,89.08082008361816
96.46524429321289,90.0505142211914
96.75326919555664,91.0147476196289
97.08084487915039,91.9526138305664
97.45604038238525,92.88282203674316
97.87245178222656,93.78555297851562
98.33984756469727,94.67838287353516
98.85015869140625,95.5426025390625
99.39190006256104,96.36178016662598
99.98718357086182,97.16935157775879
100.62538242340088,97.94831275939941
101.29245376586914,98.6839370727539
102.00074100494385,99.3920841217041
102.750244140625,100.07275390625
103.5078821182251,100.6998233795166
104.31210732460022,101.30787897109985
105.13691806793213,101.87812232971191
105.97991967201233,102.41214990615845
106.83876895904541,102.91152381896973
107.72139072418213,103.38300514221191
108.61606216430664,103.8223648071289
109.57518744468689,103.92153286933899
110.57142543792725,103.75365161895752
111.5346212387085,103.55095386505127
112.50950622558594,103.30305480957031
113.46569728851318,103.01569080352783
114.41725516319275,102.68360638618469
115.34954833984375,102.31085205078125
116.24909114837646,101.90389728546143
117.14314246177673,101.45041012763977
118.01792907714844,100.95625305175781
118.86082363128662,100.42970752716064
119.68502426147461,99.86369705200195
120.4905309677124,99.25822162628174
121.26556181907654,98.62334752082825
122.01095366477966,97.96084141731262
122.72753047943115,97.27244281768799
123.42707419395447,96.5480854511261
124.08817958831787,95.8124589920044
124.73331618309021,95.04312062263489
125.35229849815369,94.25350689888
125.94589900970459,93.4452486038208
126.51487731933594,92.61994934082031
127.05998015403748,91.77918553352356
127.57273864746094,90.94001770019531
128.08148193359375,90.05743408203125
128.55930995941162,89.17946338653564
129.01612067222595,88.29206204414368
129.45259642601013,87.39667057991028
129.86940670013428,86.49470233917236
130.27505469322205,85.56916928291321
130.65428066253662,84.65773487091064
131.02320265769958,83.72454762458801
131.37460494041443,82.7893135547638
131.70910549163818,81.85333728790283
132.04632568359375,80.90679931640625
132.46641540527344,79.99452209472656
132.80859375,79.06640625
132.99847412109375,78.07965087890625
132.072265625,78
131.07029962539673,78
130.07192659378052,78
129.06942749023438,78
